1991138.0,835381.0,878653.0,726305.0,850976.0,138616.0,790847.0,296388.0,847989.0,748905.0,182842.0,355159.0,708862.0,282992.0,358215.0,357818.0,c1_p1
2013929.0,863153.0,886725.0,752402.0,896271.0,192604.0,791922.0,370066.0,865768.0,747825.0,237923.0,431732.0,759211.0,360235.0,443166.0,485826.0,c1_p1
1416007.0,630537.0,756012.0,716619.0,639368.0,190603.0,671234.0,438116.0,749070.0,660320.0,211912.0,403405.0,717535.0,434090.0,407055.0,615831.0,c1_p1
1826949.0,875991.0,841100.0,814495.0,817306.0,156172.0,752505.0,322171.0,848495.0,803752.0,195964.0,406195.0,771137.0,325481.0,385361.0,401622.0,c1_p1
1785905.0,773182.0,785242.0,692573.0,803280.0,223783.0,703863.0,417435.0,780860.0,673658.0,243383.0,444140.0,712804.0,412560.0,456917.0,623790.0,c1_p1
1941340.0,883493.0,854277.0,792528.0,814231.0,167277.0,715653.0,330398.0,849439.0,763106.0,208036.0,409014.0,731206.0,329486.0,383966.0,425310.0,c1_p1
1015679.0,641985.0,637391.0,745021.0,641346.0,146441.0,727420.0,333967.0,627376.0,717946.0,162381.0,369291.0,728835.0,329515.0,367767.0,339186.0,c1_p1
1797108.0,767328.0,800280.0,686590.0,799732.0,218375.0,762102.0,430238.0,808175.0,736292.0,239079.0,449291.0,713549.0,432025.0,464778.0,650348.0,c1_p1
1802089.0,854416.0,979166.0,813251.0,820012.0,139089.0,1037546.0,354690.0,947870.0,1074079.0,179334.0,389270.0,755738.0,345732.0,376597.0,390095.0,c1_p1
1906076.0,822181.0,888351.0,810012.0,831999.0,248363.0,751735.0,494078.0,876011.0,731216.0,269620.0,493650.0,805994.0,485348.0,497095.0,722821.0,c1_p1
1951359.0,870891.0,979654.0,800363.0,818269.0,148902.0,871823.0,342465.0,975608.0,925308.0,206059.0,403819.0,754290.0,344454.0,384229.0,405007.0,c1_p1
1570855.0,707564.0,788481.0,645639.0,724545.0,207825.0,833306.0,448907.0,788117.0,814801.0,227705.0,440599.0,656788.0,448781.0,449231.0,650711.0,c1_p1
1991104.0,859336.0,877014.0,756449.0,888220.0,231948.0,795326.0,438784.0,865510.0,757337.0,263430.0,481102.0,770423.0,430565.0,493505.0,638859.0,c1_p1
2011835.0,874707.0,886840.0,766329.0,906794.0,250707.0,811562.0,466020.0,877754.0,774725.0,275060.0,500834.0,785084.0,460299.0,515831.0,689659.0,c1_p1
1696982.0,724874.0,816713.0,749447.0,735812.0,222743.0,678595.0,453514.0,808871.0,663664.0,242135.0,437991.0,745666.0,446829.0,439612.0,645932.0,c1_p1
665539.0,438533.0,468320.0,483919.0,429379.0,110432.0,672615.0,299860.0,467424.0,679808.0,128307.0,315517.0,469937.0,295947.0,309210.0,334205.0,c1_p1
1413059.0,690139.0,812034.0,1066449.0,712216.0,174991.0,718297.0,500113.0,799742.0,689974.0,185781.0,448090.0,1082727.0,491775.0,461666.0,671846.0,c1_p1
1695507.0,761981.0,886853.0,999219.0,791670.0,223065.0,715257.0,519744.0,875630.0,685418.0,238899.0,477892.0,1015685.0,511787.0,492067.0,719512.0,c1_p1
1420744.0,704469.0,855671.0,891830.0,714455.0,194080.0,976851.0,556322.0,862112.0,960793.0,206698.0,485947.0,910554.0,560750.0,494276.0,714578.0,c1_p1
1994819.0,862420.0,927630.0,782904.0,864349.0,279293.0,885368.0,561825.0,912583.0,870889.0,288843.0,539056.0,770522.0,551069.0,539980.0,860726.0,c1_p1
808704.0,550274.0,543822.0,580870.0,561855.0,99421.0,754967.0,246561.0,531800.0,730390.0,117499.0,288637.0,580714.0,241380.0,293897.0,230284.0,c1_p1
1524465.0,852378.0,891576.0,812582.0,864076.0,183143.0,1033855.0,398205.0,886819.0,1008845.0,215756.0,437548.0,823284.0,394362.0,442988.0,414943.0,c1_p1
1046237.0,667184.0,721982.0,898879.0,677979.0,139968.0,778122.0,352980.0,719843.0,764856.0,159189.0,367718.0,897361.0,351563.0,371783.0,338084.0,c1_p1
980774.0,595662.0,651810.0,686472.0,596722.0,126836.0,709644.0,295850.0,645486.0,700017.0,152693.0,321901.0,676440.0,292074.0,321234.0,285755.0,c1_p1
1603906.0,782412.0,862905.0,931715.0,790033.0,213396.0,839986.0,517666.0,865046.0,836577.0,219436.0,481895.0,934912.0,518804.0,486249.0,701617.0,c1_p1
1142954.0,762869.0,861311.0,959521.0,786053.0,134769.0,1210111.0,415198.0,874606.0,1202640.0,147027.0,391910.0,965054.0,418798.0,399202.0,366417.0,c1_p1
936207.0,594266.0,672591.0,699961.0,607046.0,127324.0,795401.0,317058.0,666112.0,785460.0,164536.0,356008.0,706186.0,315527.0,360236.0,320354.0,c1_p1
870614.0,639768.0,715295.0,736607.0,668479.0,106978.0,1202207.0,317666.0,710188.0,1158662.0,127026.0,334033.0,759451.0,317373.0,343435.0,250193.0,c1_p1
744449.0,505487.0,543718.0,531586.0,492587.0,104111.0,851589.0,286544.0,537580.0,857425.0,125858.0,312393.0,511165.0,283988.0,305555.0,291185.0,c1_p1
1048711.0,633595.0,644140.0,563782.0,643631.0,131533.0,992543.0,321786.0,635556.0,973643.0,145190.0,344040.0,565070.0,317862.0,347391.0,330807.0,c1_p1
1051901.0,656547.0,685295.0,679231.0,673254.0,139127.0,933364.0,336033.0,686631.0,905921.0,162934.0,371378.0,699250.0,335974.0,381444.0,334188.0,c1_p1
1020464.0,675412.0,764320.0,878277.0,668465.0,105946.0,890262.0,291988.0,749896.0,895316.0,128653.0,307068.0,868869.0,288261.0,304845.0,213728.0,c1_p1
1618240.0,883767.0,868314.0,906602.0,902196.0,190545.0,814383.0,368352.0,856363.0,793411.0,218195.0,424699.0,907611.0,366976.0,427877.0,395065.0,c1_p1
891401.0,488360.0,491221.0,471508.0,487996.0,117013.0,496746.0,231302.0,474932.0,480248.0,132808.0,256403.0,458617.0,225328.0,257599.0,251913.0,c1_p1
1520618.0,859634.0,891325.0,887674.0,888145.0,154673.0,952111.0,338364.0,868262.0,895985.0,192267.0,390116.0,894694.0,328832.0,402991.0,318229.0,c1_p1
1640325.0,847918.0,847951.0,780848.0,848213.0,189177.0,788772.0,353662.0,848209.0,782337.0,222684.0,403370.0,778842.0,352133.0,405123.0,381393.0,c1_p1
1352834.0,910910.0,878468.0,855249.0,865038.0,148495.0,1105754.0,322957.0,859268.0,1136578.0,190265.0,404690.0,795038.0,314126.0,388873.0,308017.0,c1_p1
1787070.0,757838.0,856170.0,666193.0,755417.0,240912.0,917589.0,525360.0,846319.0,913800.0,246126.0,478538.0,652644.0,520696.0,477846.0,817832.0,c1_p1
1564073.0,688508.0,851347.0,704073.0,687179.0,217158.0,1026337.0,571464.0,848138.0,1028329.0,222601.0,474404.0,678755.0,569613.0,474539.0,856820.0,c1_p1
1614876.0,719038.0,815886.0,692440.0,731779.0,202214.0,797576.0,434826.0,819484.0,779815.0,227667.0,428220.0,700752.0,435462.0,432881.0,599209.0,c1_p1
843122.0,493768.0,503934.0,486863.0,503027.0,114152.0,586349.0,242570.0,497428.0,572234.0,130386.0,268811.0,494643.0,240664.0,274073.0,257262.0,c1_p1
1864319.0,834233.0,899189.0,823126.0,836021.0,248809.0,800492.0,505318.0,894730.0,794143.0,269850.0,508848.0,811416.0,499923.0,505433.0,716374.0,c1_p1
1669742.0,784732.0,890226.0,751513.0,786198.0,212448.0,939950.0,483739.0,872147.0,926532.0,234988.0,472100.0,738727.0,473378.0,470574.0,637980.0,c1_p1
1736104.0,775258.0,883950.0,719423.0,791011.0,223439.0,884190.0,478385.0,882693.0,868939.0,252531.0,468858.0,727260.0,475344.0,475946.0,652338.0,c1_p1
1479611.0,737710.0,927090.0,797586.0,764685.0,148002.0,1021677.0,379774.0,934874.0,1002837.0,176675.0,359239.0,812677.0,379555.0,368367.0,339676.0,c1_p1
1712942.0,683043.0,733905.0,576048.0,707234.0,213311.0,659197.0,398640.0,721304.0,628180.0,228866.0,396737.0,580006.0,389444.0,404985.0,613369.0,c1_p1
1400908.0,748401.0,849323.0,730841.0,729790.0,143946.0,1091869.0,378559.0,848226.0,1113318.0,177914.0,398326.0,702550.0,378668.0,391359.0,406856.0,c1_p1
1626781.0,802536.0,823602.0,724911.0,786253.0,217219.0,954023.0,480990.0,815000.0,959400.0,227330.0,487529.0,706705.0,477769.0,479047.0,668064.0,c1_p1
1508323.0,714613.0,793564.0,689760.0,710338.0,206345.0,882418.0,487550.0,793645.0,883048.0,217638.0,456169.0,696813.0,487589.0,453254.0,698508.0,c1_p1
1834520.0,730873.0,770730.0,603331.0,733838.0,226841.0,643919.0,406998.0,758659.0,635759.0,240320.0,407667.0,597280.0,400357.0,408567.0,640575.0,c1_p1
1482872.0,708441.0,787229.0,651969.0,709384.0,185790.0,955643.0,448160.0,800682.0,948959.0,203747.0,434469.0,660273.0,454676.0,433230.0,618936.0,c1_p1
969805.0,513794.0,528630.0,477901.0,517201.0,127854.0,534845.0,250509.0,524855.0,525971.0,147874.0,276829.0,481058.0,250522.0,280001.0,281605.0,c1_p1
1722060.0,801386.0,869538.0,724173.0,796409.0,221573.0,937304.0,485489.0,870350.0,935558.0,239756.0,478756.0,719138.0,482565.0,473890.0,666095.0,c1_p1
1875865.0,851937.0,941705.0,769280.0,857468.0,251094.0,1053585.0,565135.0,946830.0,1044489.0,262866.0,530367.0,777412.0,566413.0,531972.0,806499.0,c1_p1
1860880.0,825323.0,929167.0,758295.0,826531.0,253891.0,975006.0,554147.0,921933.0,962202.0,269437.0,521930.0,755987.0,549192.0,521750.0,791677.0,c1_p1
2088094.0,960329.0,975527.0,897421.0,951293.0,280646.0,942239.0,564748.0,966634.0,939394.0,286019.0,566877.0,878550.0,558765.0,560632.0,836376.0,c1_p1
1980677.0,866216.0,927142.0,783170.0,858231.0,268195.0,900445.0,545708.0,906890.0,887579.0,280836.0,533033.0,760332.0,534316.0,528847.0,842383.0,c1_p1
1336025.0,685970.0,812763.0,820364.0,682180.0,176162.0,947028.0,510635.0,800589.0,938293.0,186356.0,450128.0,823558.0,503148.0,447242.0,673479.0,c1_p1
1035433.0,713466.0,712156.0,788207.0,710492.0,144638.0,992861.0,366327.0,704382.0,980194.0,166873.0,420384.0,776089.0,365529.0,418942.0,379028.0,c1_p1
1605881.0,793988.0,871132.0,852534.0,780570.0,211425.0,927384.0,510623.0,869409.0,929464.0,225154.0,486808.0,832251.0,509105.0,481066.0,692079.0,c1_p1
746941.0,609506.0,612913.0,722107.0,576661.0,105198.0,979908.0,312110.0,618318.0,1024678.0,118771.0,340768.0,694550.0,313778.0,329392.0,279125.0,c1_p1
1605507.0,782547.0,867169.0,829093.0,775952.0,215309.0,921112.0,510395.0,868052.0,928882.0,225374.0,480404.0,828682.0,509599.0,475386.0,677742.0,c1_p1
1144183.0,706358.0,790350.0,743417.0,707383.0,176923.0,1081704.0,436871.0,779295.0,1062517.0,210162.0,456697.0,739588.0,432120.0,458791.0,451245.0,c1_p1
1654541.0,751283.0,871545.0,705871.0,738108.0,226519.0,1052302.0,572739.0,873084.0,1059911.0,235604.0,510358.0,696172.0,573202.0,498434.0,846815.0,c1_p1
1051637.0,725476.0,756540.0,817166.0,724980.0,155510.0,1088105.0,416116.0,751864.0,1078526.0,176733.0,442724.0,812245.0,414416.0,443467.0,416955.0,c1_p1
1757486.0,798931.0,897891.0,717162.0,798212.0,240640.0,1034468.0,560863.0,894600.0,1030115.0,254636.0,522408.0,709810.0,556914.0,519289.0,820511.0,c1_p1
1726935.0,841528.0,845848.0,796620.0,838917.0,224065.0,850403.0,462955.0,843021.0,846872.0,235153.0,481643.0,792603.0,459422.0,478873.0,637002.0,c1_p1
1067627.0,694794.0,785280.0,740381.0,688696.0,165307.0,1176545.0,453213.0,799254.0,1183882.0,192205.0,460196.0,735789.0,460122.0,455280.0,471924.0,c1_p1
692968.0,450376.0,440418.0,451960.0,441834.0,104276.0,575291.0,242047.0,440358.0,576500.0,119523.0,277905.0,448666.0,244489.0,275836.0,281481.0,c1_p1
1170838.0,718792.0,763648.0,793919.0,718366.0,148671.0,912141.0,354538.0,751053.0,899958.0,170610.0,378924.0,771698.0,348022.0,379132.0,336924.0,c1_p1
982957.0,685064.0,743314.0,854359.0,678169.0,144856.0,1009299.0,403829.0,741262.0,1014245.0,167648.0,422370.0,828988.0,401077.0,418266.0,386657.0,c1_p1
1132531.0,724443.0,737128.0,713656.0,724972.0,159393.0,1089276.0,400172.0,733664.0,1081551.0,178774.0,437300.0,711022.0,396923.0,437859.0,423721.0,c1_p1
961459.0,752098.0,709218.0,995558.0,748160.0,149881.0,950020.0,391390.0,717599.0,951895.0,153869.0,419168.0,986305.0,394497.0,419267.0,361118.0,c1_p1
1081418.0,766627.0,718238.0,924335.0,797269.0,161952.0,919242.0,377438.0,713740.0,873145.0,166327.0,411247.0,938131.0,373475.0,424135.0,357424.0,c1_p1
386432.0,202389.0,226626.0,192876.0,208913.0,62159.0,230398.0,116031.0,217191.0,215745.0,65704.0,110078.0,191249.0,111354.0,114325.0,123917.0,c1_p1
770240.0,541065.0,531911.0,575142.0,529777.0,113593.0,720187.0,285652.0,526419.0,727997.0,136283.0,333943.0,561248.0,281753.0,327865.0,327205.0,c1_p1
1185535.0,610527.0,686020.0,618192.0,594145.0,124671.0,646027.0,270485.0,678952.0,654287.0,154805.0,298499.0,599128.0,267621.0,292348.0,298950.0,c1_p1
1184002.0,586586.0,670444.0,698746.0,605735.0,129122.0,540958.0,269996.0,652225.0,511631.0,155594.0,279131.0,707378.0,262708.0,288638.0,274256.0,c1_p1
231600.0,137800.0,133031.0,127590.0,134894.0,28901.0,133830.0,53693.0,130054.0,132897.0,33566.0,61636.0,122777.0,52247.0,61089.0,51946.0,c1_p1
1316253.0,626279.0,637237.0,555258.0,617278.0,153825.0,545448.0,275139.0,623510.0,540401.0,171553.0,298549.0,534322.0,269747.0,295441.0,309498.0,c1_p1
1187526.0,586926.0,614078.0,551527.0,577167.0,121725.0,545092.0,238259.0,589704.0,532319.0,130614.0,242696.0,524269.0,229519.0,239250.0,234233.0,c1_p1
1354249.0,669549.0,697148.0,620606.0,676646.0,166404.0,645745.0,315414.0,687424.0,627555.0,183929.0,329946.0,619182.0,309082.0,332595.0,348101.0,c1_p1
740768.0,554207.0,531352.0,614302.0,549959.0,109700.0,1000341.0,342083.0,532120.0,997524.0,113134.0,361001.0,611324.0,342342.0,359529.0,340729.0,c2_p1
901547.0,572055.0,620161.0,599533.0,552136.0,88706.0,865016.0,238262.0,615186.0,886861.0,112469.0,271863.0,574442.0,237006.0,264275.0,191257.0,c2_p1
1254420.0,597950.0,648960.0,557589.0,579153.0,158589.0,746315.0,380615.0,642834.0,767573.0,174326.0,377321.0,534375.0,378090.0,366276.0,556190.0,c2_p1
1574877.0,745361.0,781664.0,719907.0,762196.0,193499.0,853472.0,435771.0,782763.0,823102.0,207940.0,438768.0,736691.0,436845.0,446708.0,609684.0,c2_p1
1334498.0,639338.0,789492.0,749633.0,662953.0,169826.0,822759.0,440840.0,792668.0,799715.0,192758.0,400334.0,775830.0,440067.0,410925.0,545603.0,c2_p1
1674293.0,757954.0,831092.0,708491.0,743460.0,219318.0,984422.0,543551.0,830030.0,996091.0,231468.0,512156.0,690985.0,541027.0,504404.0,862563.0,c2_p1
816201.0,506351.0,567937.0,536949.0,507566.0,89431.0,748576.0,226419.0,562611.0,743122.0,114036.0,252491.0,535734.0,225025.0,253330.0,189021.0,c2_p1
1623841.0,720554.0,788362.0,757017.0,739955.0,219196.0,714409.0,465187.0,783535.0,691668.0,231196.0,446358.0,767707.0,459600.0,456049.0,681275.0,c2_p1
740338.0,594439.0,577604.0,807638.0,596728.0,114992.0,857083.0,333233.0,577991.0,858898.0,115269.0,340799.0,806729.0,333446.0,342240.0,304069.0,c2_p1
849347.0,630204.0,625705.0,726287.0,629513.0,129224.0,975036.0,351069.0,619778.0,963271.0,157686.0,425632.0,716683.0,347047.0,425120.0,366684.0,c2_p1
761146.0,564474.0,596770.0,755134.0,584402.0,124098.0,858728.0,355460.0,594610.0,833265.0,126629.0,343046.0,767279.0,352005.0,350052.0,334684.0,c2_p1
893029.0,656823.0,608302.0,748056.0,648230.0,113570.0,861391.0,285536.0,605110.0,856958.0,126896.0,334331.0,734064.0,283300.0,330907.0,259562.0,c2_p1
925333.0,656460.0,681794.0,773166.0,661198.0,139045.0,992539.0,376046.0,681001.0,976383.0,150058.0,384760.0,771431.0,374191.0,387981.0,353654.0,c2_p1
1561705.0,714052.0,877474.0,754619.0,710389.0,208738.0,848890.0,490392.0,869230.0,840129.0,237360.0,450274.0,743483.0,486510.0,446551.0,652376.0,c2_p1
1675596.0,770135.0,880659.0,747885.0,770804.0,223483.0,972704.0,531504.0,883705.0,964233.0,237717.0,491827.0,743734.0,531098.0,489348.0,757524.0,c2_p1
1466476.0,797558.0,896907.0,854232.0,782892.0,184286.0,1195309.0,525247.0,901626.0,1207055.0,199535.0,489841.0,845325.0,522032.0,481264.0,639835.0,c2_p1
1287081.0,679000.0,792782.0,886625.0,674717.0,171021.0,880897.0,496266.0,805617.0,897067.0,182110.0,446303.0,894966.0,500748.0,444155.0,649225.0,c2_p1
588091.0,467159.0,474979.0,723253.0,455308.0,87651.0,606504.0,264136.0,476196.0,614549.0,99809.0,285894.0,719900.0,264894.0,284434.0,251778.0,c2_p1
1539929.0,718092.0,821662.0,724304.0,719838.0,208192.0,831284.0,474401.0,807331.0,820131.0,222013.0,441067.0,717698.0,466254.0,445226.0,634978.0,c2_p1
957708.0,565049.0,623748.0,608947.0,555603.0,98841.0,736213.0,242600.0,613059.0,738516.0,113406.0,251011.0,591013.0,239716.0,248185.0,190115.0,c2_p1
1522084.0,780433.0,853413.0,972222.0,778939.0,200920.0,909576.0,535713.0,841882.0,895661.0,208403.0,500384.0,967123.0,527533.0,500202.0,729440.0,c2_p1
902830.0,592624.0,642516.0,628838.0,590137.0,137264.0,975514.0,368573.0,631857.0,968138.0,156512.0,385118.0,622824.0,363727.0,384163.0,385205.0,c2_p1
997186.0,633074.0,662587.0,702388.0,647707.0,141072.0,827109.0,334632.0,664725.0,809921.0,160099.0,357970.0,720798.0,336120.0,367745.0,338157.0,c2_p1
910735.0,611821.0,610791.0,615963.0,588360.0,121689.0,882384.0,302190.0,633819.0,898238.0,140564.0,341374.0,619007.0,310593.0,330842.0,305566.0,c2_p1
670610.0,556074.0,524781.0,658284.0,550752.0,103391.0,996002.0,317376.0,520480.0,1001405.0,101861.0,331779.0,648116.0,315110.0,327757.0,294414.0,c2_p1
800752.0,628994.0,625598.0,901339.0,623070.0,124827.0,876988.0,372062.0,624914.0,874524.0,128329.0,383184.0,891857.0,371424.0,378939.0,347599.0,c2_p1
1673436.0,774066.0,815288.0,730738.0,783754.0,210929.0,816296.0,443499.0,803698.0,796008.0,228246.0,452730.0,725287.0,436837.0,456607.0,627987.0,c2_p1
1536759.0,714874.0,823262.0,718645.0,704530.0,210849.0,981621.0,547923.0,852676.0,1000329.0,223450.0,493915.0,735894.0,566147.0,488224.0,846223.0,c2_p1
822092.0,623564.0,673027.0,823963.0,607463.0,129212.0,982585.0,386402.0,671261.0,982800.0,152251.0,406762.0,803496.0,386358.0,402856.0,374688.0,c2_p1
1068345.0,688692.0,674458.0,674544.0,678117.0,142635.0,935183.0,331606.0,665443.0,932518.0,156674.0,365856.0,655277.0,328907.0,361399.0,329156.0,c2_p1
1542174.0,751675.0,773009.0,689547.0,742482.0,201223.0,859995.0,441174.0,763882.0,855006.0,210868.0,445286.0,671848.0,435317.0,439315.0,620065.0,c2_p1
1485997.0,695580.0,776453.0,649708.0,693806.0,196189.0,953114.0,497258.0,774160.0,956421.0,204882.0,462001.0,651539.0,497258.0,460328.0,741302.0,c2_p1
1079276.0,737679.0,673411.0,776899.0,745515.0,155978.0,836005.0,330096.0,659533.0,816904.0,164554.0,378627.0,776033.0,325651.0,380670.0,313674.0,c2_p1
1209742.0,709763.0,874085.0,748935.0,694173.0,142232.0,1273020.0,429462.0,864653.0,1263911.0,160933.0,387090.0,737105.0,423820.0,380605.0,383247.0,c2_p1
1047548.0,721029.0,722221.0,818503.0,733177.0,148165.0,969658.0,365237.0,721522.0,963938.0,167829.0,408143.0,822563.0,366001.0,412964.0,355550.0,c2_p1
951967.0,596754.0,584316.0,733553.0,590257.0,118460.0,569879.0,259699.0,577217.0,572313.0,137813.0,303538.0,719733.0,256980.0,298619.0,261122.0,c2_p1
913673.0,668453.0,687455.0,783781.0,667568.0,138005.0,1059363.0,387665.0,697139.0,1063761.0,158156.0,419472.0,796913.0,390847.0,420837.0,384320.0,c2_p1
1068166.0,708460.0,727101.0,823490.0,719841.0,149438.0,926247.0,367532.0,728480.0,917926.0,161111.0,385212.0,836474.0,369666.0,389901.0,346848.0,c2_p1
1376592.0,774328.0,927665.0,821001.0,756446.0,143886.0,1269483.0,409077.0,1007119.0,1325805.0,161035.0,381830.0,854526.0,440829.0,373531.0,343867.0,c2_p1
907898.0,651717.0,647957.0,785302.0,657004.0,141280.0,943118.0,389832.0,652354.0,933631.0,156047.0,426819.0,796958.0,392348.0,429203.0,406556.0,c2_p1
1628847.0,815317.0,875182.0,927481.0,806119.0,219382.0,887050.0,524822.0,844147.0,889164.0,226545.0,502114.0,887299.0,509427.0,496136.0,726218.0,c2_p1
1253977.0,799000.0,678593.0,804062.0,795553.0,112628.0,791812.0,238710.0,666190.0,774130.0,111793.0,272654.0,780535.0,234135.0,272058.0,188990.0,c2_p1
944878.0,587177.0,684349.0,847352.0,575935.0,118284.0,630634.0,299627.0,671667.0,633655.0,153861.0,325449.0,811347.0,293078.0,319786.0,290789.0,c2_p1
870376.0,626442.0,690863.0,747516.0,636146.0,94396.0,1138788.0,284752.0,677734.0,1107753.0,130199.0,353043.0,763830.0,281628.0,357039.0,226218.0,c2_p1
1066616.0,651432.0,590725.0,611867.0,665860.0,148242.0,704272.0,293425.0,586854.0,681526.0,156817.0,338589.0,619975.0,291271.0,345924.0,312125.0,c2_p1
963696.0,541299.0,511451.0,501360.0,523130.0,102803.0,533902.0,208079.0,491679.0,523795.0,117749.0,241120.0,471665.0,200406.0,237987.0,213249.0,c2_p1
886123.0,503209.0,601863.0,478189.0,506614.0,97396.0,1000789.0,291676.0,637391.0,1001602.0,117071.0,284524.0,497383.0,305792.0,285998.0,283512.0,c2_p1
983118.0,455557.0,484410.0,494076.0,441162.0,71860.0,388690.0,150736.0,467313.0,385358.0,86461.0,166953.0,467068.0,146146.0,163274.0,133403.0,c2_p1
825786.0,629880.0,548368.0,579959.0,628352.0,123626.0,1021552.0,310899.0,544052.0,1011812.0,118937.0,344431.0,575552.0,308090.0,343378.0,303612.0,c2_p1
347257.0,237539.0,245202.0,300590.0,231663.0,32740.0,326773.0,96311.0,241010.0,332080.0,32799.0,94453.0,289431.0,94071.0,91668.0,71715.0,c2_p1
1086724.0,592043.0,584488.0,683475.0,620737.0,121724.0,516353.0,244762.0,581896.0,492712.0,138788.0,273417.0,707237.0,244524.0,284051.0,251429.0,c2_p1
1026219.0,496017.0,565688.0,423988.0,480663.0,105256.0,530779.0,198827.0,557961.0,543812.0,146018.0,239401.0,405453.0,195922.0,232401.0,211275.0,c2_p1
797732.0,473418.0,503488.0,515102.0,476947.0,76258.0,555533.0,179604.0,502454.0,550643.0,81476.0,181619.0,506397.0,179371.0,181500.0,148670.0,c2_p1
579676.0,428408.0,433487.0,540476.0,431232.0,93490.0,658180.0,268535.0,432856.0,655711.0,100536.0,282858.0,537072.0,267074.0,284388.0,262117.0,c2_p1
978713.0,540085.0,603866.0,643903.0,524006.0,183371.0,558299.0,385472.0,599725.0,573338.0,189552.0,356075.0,628646.0,381693.0,348828.0,453612.0,c2_p1
796413.0,504137.0,612324.0,573478.0,512374.0,115543.0,779529.0,299024.0,595266.0,763371.0,147025.0,308905.0,576057.0,290100.0,315031.0,286748.0,c2_p1
935903.0,644873.0,578309.0,591400.0,658461.0,145411.0,869933.0,325022.0,567194.0,850948.0,136751.0,337302.0,595101.0,319878.0,343956.0,332690.0,c2_p1
256157.0,226203.0,229635.0,312731.0,218320.0,25996.0,359356.0,80341.0,225366.0,366861.0,31774.0,91300.0,297925.0,79604.0,88637.0,50288.0,c2_p1
766225.0,548392.0,634059.0,888407.0,543946.0,97458.0,731453.0,289316.0,624369.0,724724.0,112736.0,287108.0,880382.0,285627.0,285642.0,209916.0,c2_p1
1054384.0,693577.0,684542.0,915543.0,676749.0,149115.0,728353.0,357245.0,683308.0,752413.0,175633.0,421216.0,889234.0,355980.0,411906.0,395538.0,c2_p1
795576.0,479501.0,519542.0,418147.0,472713.0,94901.0,809744.0,244385.0,514382.0,808056.0,114236.0,269420.0,405989.0,241610.0,266107.0,249035.0,c2_p1
619281.0,494528.0,488453.0,714304.0,484783.0,91336.0,720000.0,275879.0,487618.0,724353.0,95384.0,289847.0,693427.0,275127.0,283488.0,241542.0,c2_p1
1170694.0,655552.0,650044.0,638237.0,640176.0,141593.0,680418.0,293466.0,644588.0,692409.0,155160.0,319448.0,617063.0,290416.0,312944.0,312800.0,c2_p1
944776.0,660218.0,671477.0,954012.0,652123.0,131593.0,771400.0,350365.0,666271.0,774056.0,147275.0,383268.0,940842.0,347791.0,379024.0,331945.0,c2_p1
351596.0,265774.0,275464.0,321320.0,268827.0,33885.0,457654.0,105728.0,264268.0,440910.0,33746.0,102659.0,311805.0,103521.0,103352.0,71303.0,c2_p1
761629.0,511935.0,464685.0,612630.0,503988.0,106901.0,493683.0,235630.0,447212.0,488750.0,109008.0,262103.0,587567.0,226665.0,255861.0,238872.0,c2_p1
659365.0,486715.0,467770.0,588891.0,488201.0,97703.0,861051.0,303477.0,475717.0,864719.0,101283.0,323780.0,583526.0,306117.0,323863.0,318218.0,c2_p1
592865.0,390209.0,517243.0,599306.0,395835.0,85027.0,564110.0,245521.0,511939.0,556746.0,110306.0,239709.0,606074.0,243247.0,242572.0,204342.0,c2_p1
761560.0,532470.0,567583.0,572344.0,534546.0,98912.0,973501.0,301567.0,560524.0,970071.0,117727.0,329776.0,566410.0,298440.0,329968.0,307666.0,c2_p1
274312.0,230654.0,224074.0,314141.0,220622.0,28691.0,352764.0,92997.0,221782.0,362404.0,30118.0,98514.0,301302.0,91690.0,95543.0,71162.0,c2_p1
341006.0,260044.0,246006.0,335244.0,258741.0,21786.0,425991.0,67875.0,243737.0,425282.0,21530.0,70584.0,323135.0,66934.0,70135.0,36251.0,c2_p1
827553.0,549127.0,516531.0,549212.0,531674.0,75868.0,675045.0,180675.0,516830.0,684230.0,86099.0,211295.0,536400.0,179798.0,205529.0,141334.0,c2_p1
978073.0,531807.0,604700.0,523816.0,537369.0,157550.0,709520.0,346312.0,603522.0,697544.0,170489.0,329597.0,527173.0,344798.0,332049.0,403826.0,c2_p1
809692.0,524156.0,543823.0,623470.0,523435.0,141435.0,668666.0,339343.0,534457.0,671257.0,147595.0,338696.0,609869.0,332112.0,339113.0,385551.0,c2_p1
974727.0,539276.0,636168.0,668109.0,543262.0,121977.0,621353.0,290561.0,643570.0,625012.0,146683.0,291483.0,669400.0,295605.0,294364.0,302622.0,c2_p1
811021.0,472212.0,549604.0,482259.0,478401.0,92862.0,730739.0,238682.0,548116.0,722332.0,111972.0,243078.0,476630.0,236984.0,243459.0,226437.0,c2_p1
907889.0,467880.0,502743.0,566214.0,485049.0,98617.0,418709.0,206462.0,490094.0,393741.0,118191.0,226129.0,576376.0,200513.0,233157.0,215876.0,c2_p1
1371165.0,675793.0,694220.0,616532.0,637802.0,130911.0,624625.0,254932.0,680692.0,646335.0,165427.0,301167.0,579631.0,250375.0,290099.0,267494.0,c2_p1
792574.0,606667.0,567967.0,974651.0,614191.0,86916.0,716738.0,254183.0,561200.0,708851.0,85546.0,262145.0,963319.0,251102.0,266262.0,174388.0,c2_p1
935054.0,531353.0,487760.0,519861.0,519130.0,128228.0,454983.0,234140.0,483795.0,460116.0,135851.0,263714.0,503964.0,231751.0,257538.0,260748.0,c2_p1
631553.0,265906.0,296255.0,238351.0,265552.0,36418.0,267873.0,80092.0,282055.0,257582.0,39777.0,78324.0,225893.0,76475.0,78039.0,75838.0,c2_p1
1211937.0,620578.0,678360.0,669706.0,612308.0,97958.0,569224.0,208645.0,673415.0,576941.0,133522.0,248193.0,650124.0,206637.0,245159.0,196293.0,c2_p1
1027134.0,577583.0,587809.0,660437.0,578975.0,124785.0,527043.0,255272.0,582958.0,521279.0,144684.0,283677.0,657361.0,252039.0,284898.0,262816.0,c2_p1
398021.0,232184.0,269530.0,262362.0,227305.0,35863.0,311285.0,97034.0,255023.0,307784.0,43231.0,100065.0,248114.0,93442.0,97812.0,87767.0,c2_p1
583827.0,406442.0,437550.0,651214.0,406183.0,73733.0,459167.0,211233.0,428764.0,454383.0,95155.0,242041.0,639877.0,208279.0,241760.0,220185.0,c2_p1
651285.0,502367.0,502826.0,729128.0,504233.0,98248.0,726992.0,299511.0,499311.0,714108.0,100638.0,306269.0,727821.0,298762.0,306141.0,299312.0,c2_p1
723422.0,504462.0,487665.0,485915.0,495532.0,105249.0,785920.0,265626.0,476813.0,784746.0,106617.0,277821.0,464818.0,260245.0,273558.0,262469.0,c2_p1
1064428.0,659154.0,613707.0,669599.0,664778.0,136070.0,706122.0,282837.0,610289.0,693216.0,147752.0,323468.0,660496.0,280753.0,326119.0,287036.0,c2_p1
1335177.0,648710.0,746401.0,799204.0,649648.0,176820.0,778471.0,482835.0,743909.0,775708.0,182493.0,429375.0,806742.0,481595.0,430241.0,672521.0,c2_p1
1316893.0,644805.0,754942.0,694611.0,648114.0,179714.0,899580.0,484696.0,736541.0,886536.0,187656.0,431597.0,695174.0,475873.0,435194.0,662308.0,c2_p1
880807.0,600802.0,542801.0,777960.0,613434.0,109442.0,583769.0,251036.0,548369.0,574328.0,118528.0,294193.0,800131.0,252026.0,299144.0,242733.0,c2_p1
907929.0,560417.0,571736.0,685128.0,572160.0,104344.0,595649.0,240414.0,576868.0,585599.0,122983.0,267917.0,698137.0,242507.0,274789.0,226465.0,c2_p1
879081.0,602960.0,548774.0,609327.0,609192.0,115021.0,740518.0,260502.0,545274.0,734823.0,124883.0,302920.0,605792.0,257828.0,305463.0,257267.0,c2_p1
1162235.0,736385.0,703188.0,630627.0,721999.0,141269.0,1049182.0,328071.0,701674.0,1067821.0,155738.0,369585.0,623298.0,326009.0,363798.0,328129.0,c3_p1
687988.0,623052.0,649493.0,872165.0,611615.0,94858.0,1140869.0,305867.0,641748.0,1146980.0,125387.0,381956.0,846119.0,302100.0,374196.0,231095.0,c3_p1
676510.0,525052.0,528710.0,712619.0,525726.0,108574.0,780456.0,323332.0,524178.0,775318.0,125126.0,367552.0,706837.0,321995.0,366922.0,331071.0,c3_p1
880850.0,675403.0,537195.0,732282.0,676821.0,122223.0,749208.0,269315.0,530568.0,739033.0,129610.0,347355.0,724945.0,266635.0,348246.0,268928.0,c3_p1
766182.0,540112.0,561487.0,549664.0,542633.0,120246.0,1016813.0,353873.0,552508.0,998565.0,122568.0,343450.0,538839.0,346908.0,345545.0,352250.0,c3_p1
636099.0,495715.0,478006.0,867316.0,492574.0,103833.0,623752.0,334232.0,484377.0,629073.0,106051.0,344594.0,868660.0,335968.0,342827.0,332027.0,c3_p1
952762.0,585588.0,534992.0,464339.0,585413.0,87259.0,884371.0,207147.0,531607.0,881583.0,86501.0,222751.0,460983.0,204786.0,223027.0,162471.0,c3_p1
687458.0,466546.0,500389.0,591237.0,464171.0,96799.0,597026.0,251819.0,495753.0,592833.0,116718.0,279497.0,583206.0,248776.0,278879.0,244283.0,c3_p1
886537.0,550345.0,503878.0,452212.0,549270.0,113400.0,735960.0,248187.0,499803.0,735843.0,121331.0,283333.0,447212.0,246318.0,282254.0,262267.0,c3_p1
1348386.0,669667.0,997893.0,957563.0,668529.0,86385.0,940590.0,273599.0,987546.0,936953.0,116000.0,246608.0,938371.0,272268.0,245958.0,169494.0,c3_p1
631577.0,377104.0,425119.0,739918.0,369732.0,60587.0,344622.0,180732.0,416487.0,347494.0,75070.0,201296.0,720740.0,178029.0,198031.0,159630.0,c3_p1
818658.0,530614.0,565807.0,551457.0,531765.0,116590.0,790363.0,293275.0,578920.0,783638.0,136635.0,314719.0,562400.0,296820.0,315213.0,302206.0,c3_p1
1171935.0,667853.0,651582.0,724390.0,671466.0,163830.0,901745.0,447203.0,645966.0,898027.0,156959.0,440897.0,721013.0,443334.0,442529.0,637063.0,c3_p1
922852.0,695672.0,537434.0,753401.0,685627.0,90450.0,659141.0,194005.0,523820.0,658685.0,88109.0,238971.0,735314.0,189297.0,236292.0,146762.0,c3_p1
1134727.0,571252.0,722393.0,764219.0,578237.0,153983.0,866028.0,481957.0,720122.0,860288.0,162573.0,401867.0,766847.0,479649.0,407204.0,615774.0,c3_p1
18212.0,9837.0,8903.0,8107.0,10784.0,3636.0,11017.0,6079.0,8118.0,9417.0,4032.0,7167.0,8040.0,5629.0,7936.0,8510.0,c3_p1
915384.0,621646.0,656904.0,823760.0,608400.0,137580.0,755375.0,337311.0,650520.0,756620.0,143657.0,329304.0,799987.0,333528.0,322637.0,279357.0,c3_p1
838487.0,583040.0,604866.0,772416.0,573544.0,131409.0,744725.0,328469.0,608616.0,759970.0,135164.0,329200.0,760271.0,331199.0,324307.0,274401.0,c3_p1
230696.0,207214.0,209265.0,286887.0,200606.0,23689.0,332540.0,73956.0,206078.0,339506.0,29210.0,84707.0,274208.0,73600.0,82049.0,46179.0,c3_p1
605692.0,481505.0,488080.0,569761.0,476026.0,80657.0,893595.0,248506.0,488780.0,897018.0,98711.0,297253.0,566499.0,248141.0,294584.0,218242.0,c3_p1
799038.0,558319.0,589493.0,703133.0,556159.0,103754.0,862413.0,299778.0,580190.0,853332.0,120522.0,322340.0,696206.0,294590.0,319256.0,276822.0,c3_p1
279372.0,207821.0,217259.0,267267.0,213864.0,30858.0,336855.0,94969.0,216717.0,329672.0,32773.0,95015.0,268783.0,95278.0,96871.0,75248.0,c3_p1
318605.0,250043.0,280272.0,342692.0,248993.0,26002.0,464776.0,91899.0,271266.0,459255.0,28681.0,90327.0,334597.0,91170.0,89038.0,53345.0,c3_p1
643448.0,555782.0,563219.0,824419.0,542650.0,79730.0,1007917.0,286784.0,548343.0,1009426.0,89850.0,313908.0,800968.0,279574.0,306229.0,204653.0,c3_p1
1420638.0,773199.0,678309.0,808471.0,769983.0,122542.0,615739.0,241114.0,670379.0,610337.0,127361.0,278151.0,798693.0,237860.0,277449.0,213765.0,c3_p1
1114417.0,580242.0,708292.0,647054.0,583637.0,152768.0,648246.0,327554.0,702689.0,638691.0,188083.0,332511.0,647390.0,323560.0,334557.0,339869.0,c3_p1
490820.0,423603.0,408911.0,593856.0,416356.0,81333.0,641283.0,240018.0,404468.0,632332.0,98737.0,291566.0,579231.0,236664.0,287142.0,236349.0,c3_p1
153077.0,170857.0,170550.0,302563.0,170716.0,20816.0,394865.0,84585.0,166837.0,390729.0,15663.0,70790.0,294716.0,83468.0,69842.0,36168.0,c3_p1
550644.0,345436.0,359297.0,419859.0,351382.0,38163.0,482187.0,109942.0,348816.0,472348.0,38279.0,108110.0,422235.0,107051.0,109133.0,71911.0,c3_p1
643962.0,471621.0,507275.0,572213.0,476306.0,72418.0,914419.0,224705.0,516597.0,916403.0,89357.0,255416.0,576867.0,229359.0,257044.0,169574.0,c3_p1
1150429.0,695581.0,645537.0,626150.0,680492.0,151387.0,750669.0,299637.0,641899.0,759327.0,162993.0,341002.0,609185.0,297049.0,334643.0,309390.0,c3_p1
20682.0,7520.0,6719.0,4851.0,7160.0,3774.0,5971.0,5713.0,6339.0,6001.0,3919.0,6464.0,4368.0,5340.0,6039.0,14704.0,c3_p1
1480474.0,733592.0,847954.0,889836.0,728194.0,205673.0,859201.0,538943.0,844349.0,866971.0,214046.0,477985.0,891063.0,537885.0,476484.0,734798.0,c3_p1
11749.0,7240.0,6959.0,8021.0,6759.0,2696.0,8244.0,5626.0,6957.0,8586.0,2653.0,5551.0,7140.0,5590.0,5249.0,7031.0,c3_p1
13677.0,6764.0,6140.0,5341.0,6106.0,3150.0,5829.0,5064.0,5851.0,6196.0,3163.0,5533.0,4458.0,4753.0,5100.0,8979.0,c3_p1
1240602.0,667283.0,640362.0,529096.0,659969.0,286304.0,723118.0,442629.0,637817.0,730009.0,298781.0,476960.0,523649.0,441842.0,470979.0,639608.0,c3_p2
874961.0,600477.0,639295.0,661308.0,590974.0,221518.0,815198.0,446767.0,633895.0,818344.0,244220.0,461399.0,645551.0,442853.0,455088.0,483640.0,c3_p2
774391.0,511054.0,521483.0,570202.0,511636.0,199676.0,611965.0,394122.0,519445.0,611936.0,212465.0,410693.0,567987.0,391857.0,409392.0,481674.0,c3_p2
988678.0,595780.0,517985.0,549535.0,597201.0,241010.0,557130.0,364937.0,512189.0,551507.0,243381.0,426450.0,545441.0,360951.0,425958.0,520484.0,c3_p2
860025.0,535399.0,548006.0,473427.0,536747.0,220361.0,743411.0,417406.0,540053.0,732218.0,222218.0,412158.0,468310.0,410270.0,414473.0,517161.0,c3_p2
1242398.0,666398.0,640209.0,529544.0,659827.0,286817.0,723657.0,442519.0,638112.0,727961.0,298553.0,477307.0,524256.0,442172.0,470920.0,638358.0,c3_p2
873405.0,601694.0,639284.0,661763.0,592343.0,222110.0,814046.0,445772.0,634988.0,817199.0,244461.0,462952.0,646823.0,441055.0,455311.0,482282.0,c3_p2
775448.0,510657.0,521843.0,570232.0,512305.0,200034.0,614046.0,394427.0,518027.0,609691.0,212266.0,411143.0,567132.0,390992.0,409464.0,482271.0,c3_p2
988462.0,595554.0,517393.0,549816.0,597826.0,240022.0,558568.0,364779.0,513388.0,552054.0,242538.0,426467.0,545098.0,360788.0,425689.0,520175.0,c3_p2
859740.0,535921.0,547085.0,473232.0,537718.0,219441.0,744588.0,417186.0,539093.0,732044.0,222902.0,412648.0,467907.0,410588.0,414735.0,516815.0,c3_p2
1239549.0,667622.0,640775.0,530288.0,660311.0,286768.0,724198.0,441743.0,638403.0,729396.0,298772.0,477988.0,523321.0,441755.0,470448.0,637671.0,c3_p2
874820.0,601688.0,639483.0,659676.0,592559.0,222177.0,813341.0,445649.0,635176.0,816841.0,243834.0,463206.0,646264.0,442138.0,455472.0,483164.0,c3_p2
774596.0,511242.0,521630.0,571369.0,512308.0,199718.0,612018.0,394362.0,517793.0,610082.0,212667.0,410986.0,568601.0,391202.0,409397.0,482007.0,c3_p2
988384.0,595319.0,516998.0,550237.0,596698.0,240775.0,559174.0,364749.0,513290.0,552430.0,243396.0,425281.0,544783.0,361514.0,425145.0,520444.0,c3_p2
859226.0,536817.0,547598.0,472563.0,537879.0,219702.0,743396.0,416842.0,540000.0,732419.0,222158.0,412817.0,466989.0,411024.0,414824.0,517389.0,c3_p2
17478.0,9203.0,8699.0,7579.0,10025.0,4741.0,9433.0,6735.0,8309.0,8278.0,4959.0,7380.0,7772.0,6409.0,8052.0,10372.0,c3_p2
1017121.0,585216.0,596915.0,613756.0,577316.0,252914.0,579434.0,419130.0,590508.0,581007.0,260531.0,422397.0,600662.0,415149.0,416632.0,543282.0,c3_p2
934593.0,557331.0,562373.0,588002.0,548858.0,237523.0,572952.0,403196.0,562372.0,581022.0,244839.0,410353.0,580535.0,403766.0,405444.0,506925.0,c3_p2
294178.0,192151.0,191589.0,200549.0,187521.0,68820.0,223382.0,124830.0,189911.0,226971.0,72612.0,131234.0,195268.0,123431.0,128214.0,149729.0,c3_p2
719775.0,465745.0,477867.0,454346.0,462289.0,176744.0,640195.0,339103.0,477985.0,641808.0,189870.0,356877.0,452779.0,339549.0,354549.0,403569.0,c3_p2
909347.0,535340.0,555644.0,539465.0,534546.0,219487.0,622966.0,396590.0,548321.0,620210.0,230683.0,401952.0,534505.0,391338.0,400430.0,494521.0,c3_p2
332543.0,197373.0,198840.0,197373.0,200060.0,77682.0,229509.0,135570.0,198085.0,226817.0,79340.0,139016.0,197269.0,135126.0,140989.0,173030.0,c3_p2
395360.0,239105.0,247781.0,239308.0,236717.0,87553.0,296874.0,160943.0,242069.0,294532.0,91371.0,162848.0,235548.0,157307.0,160378.0,193267.0,c3_p2
793385.0,543405.0,547598.0,610586.0,535697.0,194289.0,727573.0,398316.0,538744.0,728779.0,202719.0,411499.0,599632.0,391765.0,404267.0,428646.0,c3_p2
1308971.0,638217.0,584976.0,564221.0,634579.0,281088.0,495403.0,381365.0,578402.0,491686.0,288493.0,426159.0,561206.0,377771.0,424197.0,607256.0,c3_p2
1130591.0,543400.0,607023.0,516745.0,546841.0,267967.0,517949.0,414018.0,600852.0,511059.0,290267.0,402113.0,515980.0,411607.0,402230.0,590918.0,c3_p2
581517.0,408364.0,413286.0,467319.0,403178.0,155274.0,496842.0,305461.0,408313.0,490345.0,167422.0,325162.0,458926.0,301430.0,320077.0,359753.0,c3_p2
219780.0,180398.0,169166.0,212837.0,179010.0,57455.0,268470.0,121916.0,166771.0,267489.0,54872.0,126661.0,207964.0,119796.0,125903.0,117754.0,c3_p2
575096.0,309759.0,305084.0,292122.0,309930.0,122130.0,316821.0,196774.0,300031.0,314792.0,125804.0,204930.0,292861.0,192865.0,205240.0,270554.0,c3_p2
763493.0,457514.0,483706.0,442722.0,456794.0,177225.0,623141.0,334369.0,486207.0,623551.0,191108.0,338983.0,443468.0,336800.0,340099.0,394356.0,c3_p2
1177060.0,605587.0,578663.0,505839.0,595374.0,278254.0,556882.0,398422.0,575403.0,562362.0,285574.0,429116.0,494649.0,396051.0,421696.0,594438.0,c3_p2
18169.0,7444.0,6961.0,5289.0,7236.0,4149.0,6021.0,5982.0,6722.0,6027.0,4194.0,6676.0,4912.0,5757.0,6287.0,13738.0,c3_p2
1474085.0,724780.0,792970.0,733106.0,721443.0,339022.0,710504.0,604226.0,793724.0,713511.0,348485.0,561436.0,732596.0,602515.0,558925.0,916120.0,c3_p2
11787.0,7104.0,6855.0,7283.0,6665.0,3522.0,7197.0,5810.0,6828.0,7713.0,3365.0,5951.0,6474.0,5711.0,5622.0,8164.0,c3_p2
12776.0,6666.0,6007.0,5236.0,6097.0,3570.0,5594.0,5246.0,5862.0,5673.0,3659.0,5561.0,4626.0,5062.0,5245.0,9224.0,c3_p2
1092333.0,511496.0,574230.0,265566.0,513108.0,1028207.0,275865.0,544540.0,563509.0,269007.0,1024154.0,484122.0,262702.0,534938.0,485954.0,979277.0,c3_p3
1032686.0,532191.0,534104.0,272270.0,507707.0,964676.0,270722.0,506171.0,519047.0,276987.0,964816.0,504478.0,252131.0,491888.0,481140.0,924474.0,c3_p3
873602.0,471409.0,448497.0,244234.0,429980.0,799039.0,228382.0,423766.0,449702.0,250444.0,798940.0,445850.0,223422.0,425419.0,406701.0,780591.0,c3_p3
914024.0,447444.0,479245.0,236229.0,480014.0,854715.0,252665.0,452518.0,448911.0,221448.0,856951.0,424227.0,236524.0,422975.0,454512.0,816215.0,c3_p3
933575.0,460856.0,463766.0,222502.0,462965.0,865248.0,242981.0,439222.0,469489.0,245755.0,864661.0,435542.0,224921.0,444884.0,437912.0,837364.0,c3_p3
848765.0,443552.0,418610.0,235736.0,446460.0,770616.0,215478.0,397183.0,439793.0,224025.0,770342.0,420158.0,249338.0,416153.0,422462.0,756433.0,c3_p3
837374.0,377399.0,416645.0,185371.0,425858.0,787801.0,214725.0,393553.0,391018.0,178476.0,790303.0,357303.0,197616.0,368743.0,403751.0,749644.0,c3_p3
750540.0,382885.0,372719.0,191052.0,381203.0,699424.0,190325.0,352025.0,364508.0,187859.0,700909.0,362364.0,185931.0,344371.0,360276.0,668999.0,c3_p3
808479.0,414845.0,388300.0,198727.0,414079.0,755752.0,202959.0,365920.0,372514.0,194379.0,757861.0,392533.0,189545.0,350728.0,392066.0,719463.0,c3_p3
1154031.0,541658.0,555396.0,261148.0,598948.0,1090790.0,288382.0,527319.0,561574.0,264379.0,1083660.0,510042.0,291366.0,532953.0,563642.0,1030522.0,c3_p3
615658.0,301638.0,323196.0,162526.0,305669.0,577938.0,157435.0,305695.0,335259.0,161256.0,573459.0,283108.0,171184.0,317002.0,286891.0,548254.0,c3_p3
879003.0,422944.0,431008.0,205931.0,404311.0,822092.0,202905.0,408676.0,457169.0,224227.0,819833.0,400229.0,208474.0,432470.0,381745.0,788063.0,c3_p3
1133417.0,561302.0,567452.0,282156.0,594202.0,1031371.0,308300.0,535563.0,544754.0,279786.0,1035644.0,532222.0,285973.0,513620.0,564210.0,1015820.0,c3_p3
851718.0,412394.0,435621.0,211770.0,434803.0,801421.0,222362.0,411421.0,417475.0,201794.0,795721.0,387290.0,214434.0,394488.0,408546.0,754574.0,c3_p3
1089663.0,543953.0,611464.0,309997.0,531732.0,981623.0,309524.0,580307.0,598593.0,310216.0,976157.0,510530.0,296724.0,566699.0,500726.0,969212.0,c3_p3
15390.0,6460.0,9135.0,3917.0,7811.0,14430.0,4611.0,8618.0,8187.0,3501.0,14175.0,6132.0,4053.0,7737.0,7373.0,13894.0,c3_p3
981097.0,475475.0,491333.0,240591.0,503741.0,920088.0,252945.0,465399.0,482929.0,235057.0,916715.0,448317.0,250468.0,457278.0,475178.0,875359.0,c3_p3
935786.0,490007.0,464431.0,244239.0,451270.0,872720.0,224567.0,437361.0,468099.0,246192.0,873952.0,463563.0,226605.0,441458.0,426379.0,833455.0,c3_p3
310836.0,165436.0,156897.0,83641.0,147059.0,290095.0,75766.0,148164.0,155722.0,84373.0,289412.0,155941.0,73525.0,147149.0,138707.0,277667.0,c3_p3
789394.0,387241.0,418644.0,201164.0,392738.0,733006.0,217962.0,395711.0,419665.0,216023.0,734891.0,367843.0,204069.0,396713.0,373003.0,704983.0,c3_p3
900562.0,439504.0,471101.0,229082.0,458521.0,837819.0,243925.0,444217.0,486289.0,242040.0,834628.0,413312.0,246637.0,458368.0,430747.0,798593.0,c3_p3
325938.0,170773.0,165699.0,86893.0,171725.0,301529.0,89204.0,155983.0,160048.0,85508.0,301588.0,160266.0,84111.0,150633.0,161147.0,287577.0,c3_p3
400594.0,200906.0,189059.0,93828.0,197072.0,374359.0,94877.0,177621.0,205087.0,104999.0,376822.0,189974.0,99881.0,192897.0,186414.0,356571.0,c3_p3
916996.0,455300.0,456188.0,223031.0,464485.0,853838.0,241933.0,432233.0,495455.0,256105.0,853013.0,431778.0,247044.0,469676.0,440108.0,819717.0,c3_p3
996956.0,494258.0,503683.0,250788.0,512260.0,935967.0,257700.0,474267.0,488702.0,242393.0,937671.0,466866.0,252268.0,460342.0,483262.0,886607.0,c3_p3
959927.0,472199.0,496769.0,246394.0,470519.0,897280.0,244337.0,468402.0,467416.0,231451.0,898460.0,446092.0,230272.0,440234.0,444864.0,854944.0,c3_p3
670336.0,353058.0,351426.0,186403.0,357101.0,616745.0,192091.0,332113.0,369178.0,198053.0,617459.0,334150.0,198113.0,348980.0,338024.0,599439.0,c3_p3
309500.0,141177.0,147616.0,66941.0,148387.0,285242.0,75398.0,140270.0,151629.0,74584.0,284674.0,133732.0,71947.0,144439.0,140655.0,280051.0,c3_p3
501622.0,239069.0,249957.0,121039.0,252170.0,458582.0,128371.0,235381.0,264105.0,128907.0,460603.0,226230.0,134428.0,249134.0,238576.0,446619.0,c3_p3
806082.0,406573.0,374147.0,183545.0,391179.0,753971.0,187959.0,352864.0,408100.0,213260.0,757606.0,386368.0,193575.0,385017.0,371338.0,721952.0,c3_p3
980459.0,474624.0,479584.0,232074.0,494193.0,920572.0,243129.0,453105.0,498768.0,243333.0,919906.0,448214.0,251660.0,471274.0,467052.0,877423.0,c3_p3
13890.0,7291.0,6426.0,3402.0,6568.0,12062.0,3257.0,6237.0,6219.0,3442.0,11962.0,7030.0,3103.0,5849.0,6368.0,12458.0,c3_p3
1310787.0,676464.0,629645.0,331987.0,648569.0,1196940.0,314578.0,594062.0,674886.0,350820.0,1202520.0,638135.0,341176.0,634298.0,612774.0,1169807.0,c3_p3
12658.0,6195.0,5937.0,3026.0,6362.0,11290.0,3126.0,5528.0,5790.0,3020.0,11284.0,6036.0,2943.0,5296.0,6123.0,11437.0,c3_p3
11358.0,5788.0,5044.0,2643.0,6001.0,9725.0,2883.0,4671.0,5436.0,3101.0,9730.0,5603.0,3077.0,5181.0,5706.0,10157.0,c3_p3
4754011.0,735300.0,688965.0,345929.0,676311.0,5937.0,534371.0,25346.0,666515.0,569604.0,7313.0,29187.0,309823.0,24316.0,27090.0,8990.0,c3_p4
1920647.0,870458.0,944459.0,779164.0,810564.0,7325.0,884632.0,32249.0,937124.0,922778.0,21376.0,64388.0,735684.0,32178.0,61644.0,10818.0,c3_p4
1733176.0,689085.0,851592.0,607855.0,654145.0,8995.0,771335.0,35444.0,820671.0,774040.0,22329.0,59355.0,568178.0,34272.0,56925.0,12581.0,c3_p4
1908032.0,982694.0,573731.0,729493.0,994822.0,5222.0,736304.0,24700.0,553177.0,707225.0,3076.0,22454.0,705851.0,24105.0,22775.0,4956.0,c3_p4
2236859.0,734238.0,820275.0,480572.0,758510.0,10948.0,797410.0,37874.0,795714.0,757464.0,12097.0,37783.0,484042.0,37491.0,38943.0,11423.0,c3_p4
1276569.0,770029.0,665829.0,781687.0,778564.0,13914.0,763289.0,45260.0,666465.0,749301.0,14562.0,52188.0,787005.0,45515.0,53122.0,11805.0,c3_p4
3434698.0,599412.0,453929.0,209338.0,593087.0,3409.0,537031.0,15819.0,440010.0,528815.0,3206.0,16978.0,202303.0,15448.0,16645.0,5452.0,c3_p4
2775222.0,471517.0,669941.0,338933.0,452662.0,4882.0,375776.0,20519.0,620047.0,356344.0,12037.0,30897.0,308846.0,18946.0,30580.0,8241.0,c3_p4
3308494.0,591297.0,464343.0,218831.0,577030.0,4059.0,510352.0,17387.0,449819.0,504629.0,4090.0,19133.0,207529.0,16576.0,18582.0,5999.0,c3_p4
3902856.0,463591.0,1402788.0,548433.0,468252.0,2335.0,546779.0,18618.0,1362914.0,541758.0,9243.0,26617.0,511629.0,18376.0,25959.0,5662.0,c3_p4
2062992.0,374277.0,618491.0,470247.0,336883.0,2123.0,229952.0,12922.0,585355.0,244507.0,4547.0,18039.0,431786.0,12806.0,16817.0,4424.0,c3_p4
3508018.0,457100.0,754843.0,275317.0,491628.0,6612.0,466048.0,24942.0,709045.0,408836.0,13351.0,30165.0,277868.0,23101.0,31857.0,10349.0,c3_p4
1936477.0,1005686.0,920485.0,873588.0,1012655.0,12356.0,1039972.0,48606.0,902649.0,1021737.0,9194.0,41663.0,859248.0,48651.0,41816.0,11009.0,c3_p4
2797465.0,916838.0,475670.0,496909.0,881196.0,5600.0,406700.0,20757.0,428845.0,404616.0,2871.0,18143.0,457898.0,19436.0,17614.0,5274.0,c3_p4
1448721.0,788642.0,1080618.0,1048702.0,798757.0,6470.0,1109029.0,35319.0,1059079.0,1092746.0,19405.0,64874.0,1025923.0,35206.0,63498.0,10131.0,c3_p4
67701.0,8299.0,11016.0,5142.0,15839.0,256.0,8907.0,624.0,6275.0,4028.0,235.0,469.0,5192.0,512.0,707.0,222.0,c3_p4
3080439.0,744081.0,821014.0,596204.0,693207.0,6395.0,537838.0,28212.0,786774.0,536924.0,7989.0,30817.0,537092.0,27260.0,29237.0,8487.0,c3_p4
2633520.0,725390.0,780955.0,614137.0,690879.0,6484.0,557305.0,28408.0,793874.0,580768.0,8328.0,33423.0,577667.0,28742.0,31820.0,8384.0,c3_p4
747600.0,263270.0,267724.0,216625.0,241593.0,1995.0,231886.0,9462.0,253220.0,238083.0,2775.0,11241.0,192921.0,9147.0,10249.0,2599.0,c3_p4
2040085.0,623992.0,738365.0,468200.0,591783.0,6877.0,567395.0,26309.0,726694.0,581709.0,16733.0,42968.0,443619.0,25859.0,42492.0,9970.0,c3_p4
2060641.0,697440.0,782013.0,659981.0,704004.0,4928.0,754953.0,27487.0,746740.0,744200.0,8674.0,36772.0,636083.0,26632.0,37118.0,7679.0,c3_p4
908522.0,261708.0,250761.0,202104.0,272747.0,2200.0,238089.0,10018.0,244743.0,229178.0,2568.0,11244.0,200730.0,9666.0,11374.0,2970.0,c3_p4
1007823.0,340065.0,307688.0,265658.0,312298.0,1991.0,292069.0,10758.0,305868.0,306458.0,2366.0,11975.0,250640.0,10925.0,11493.0,2886.0,c3_p4
1769583.0,764184.0,734297.0,761238.0,752381.0,8362.0,823981.0,36903.0,708465.0,826422.0,10711.0,46756.0,721556.0,36731.0,45786.0,9544.0,c3_p4
5290414.0,699596.0,353085.0,395970.0,709554.0,5449.0,201893.0,17513.0,336037.0,190366.0,4074.0,20778.0,372960.0,17070.0,20481.0,8750.0,c3_p4
4321884.0,296725.0,993263.0,324466.0,322333.0,4005.0,312921.0,19849.0,949056.0,290912.0,15260.0,27784.0,334394.0,19191.0,28968.0,8549.0,c3_p4
1093705.0,591158.0,593963.0,586802.0,578171.0,6302.0,646265.0,25154.0,580422.0,639397.0,17399.0,49912.0,571546.0,24499.0,49858.0,8116.0,c3_p4
364403.0,274202.0,220841.0,294486.0,260556.0,4122.0,315496.0,15957.0,208469.0,320222.0,2340.0,12705.0,272105.0,15322.0,12155.0,2861.0,c3_p4
1778860.0,381409.0,344794.0,263413.0,394023.0,2456.0,275010.0,11930.0,320331.0,262801.0,2539.0,12538.0,256367.0,11378.0,13203.0,3741.0,c3_p4
1996200.0,579796.0,691818.0,464185.0,577115.0,4739.0,667193.0,22114.0,684104.0,653137.0,10754.0,35557.0,442782.0,21761.0,34929.0,7352.0,c3_p4
4639491.0,783052.0,452328.0,288363.0,701838.0,7025.0,391116.0,22298.0,424223.0,405556.0,6482.0,27014.0,251522.0,21151.0,24834.0,9077.0,c3_p4
59102.0,11522.0,9679.0,7042.0,8088.0,254.0,4560.0,628.0,5114.0,3839.0,272.0,614.0,3705.0,416.0,526.0,203.0,c3_p4
3526753.0,985350.0,1160542.0,785287.0,972112.0,8549.0,869407.0,38342.0,1162385.0,876106.0,16782.0,52271.0,771072.0,38360.0,52058.0,12072.0,c3_p4
34234.0,13678.0,8928.0,8654.0,8419.0,417.0,5635.0,718.0,8563.0,8148.0,368.0,826.0,5822.0,751.0,615.0,275.0,c3_p4
36219.0,13680.0,8714.0,7345.0,6238.0,482.0,4654.0,837.0,6247.0,6065.0,317.0,791.0,3186.0,569.0,537.0,223.0,c3_p4
849177.0,667983.0,604341.0,1018326.0,663784.0,138069.0,937854.0,433843.0,595611.0,923575.0,130649.0,431646.0,996455.0,426889.0,428877.0,422620.0,c4_p1
948730.0,580349.0,485469.0,486968.0,559532.0,83145.0,619761.0,170641.0,489938.0,645856.0,82441.0,195915.0,471724.0,171233.0,190141.0,138705.0,c4_p1
713192.0,501544.0,464713.0,711926.0,488958.0,88338.0,495352.0,213683.0,461266.0,493312.0,99996.0,254089.0,697071.0,212146.0,247944.0,197040.0,c4_p1
353006.0,335112.0,339299.0,784064.0,318663.0,52206.0,553650.0,202545.0,331647.0,574763.0,58726.0,244205.0,726730.0,194287.0,229256.0,131091.0,c4_p1
306009.0,221873.0,225531.0,303533.0,218914.0,40849.0,362677.0,132445.0,220926.0,359286.0,39152.0,123363.0,290989.0,129415.0,122141.0,115857.0,c4_p1
960093.0,665183.0,608053.0,793434.0,662462.0,248625.0,741557.0,500015.0,601211.0,733314.0,242350.0,520718.0,779901.0,492481.0,520200.0,600102.0,c4_p2
926906.0,475908.0,423490.0,373425.0,462101.0,200968.0,419962.0,277251.0,426542.0,432367.0,203643.0,314973.0,367039.0,279418.0,306560.0,429995.0,c4_p2
799243.0,451441.0,431614.0,490284.0,448139.0,187348.0,389996.0,296842.0,428744.0,389462.0,193885.0,324150.0,483674.0,294230.0,319966.0,411552.0,c4_p2
444461.0,345286.0,359653.0,578410.0,330677.0,116402.0,431126.0,277006.0,352392.0,444158.0,122326.0,290396.0,544548.0,269742.0,275762.0,246905.0,c4_p2
347885.0,217726.0,215336.0,233014.0,215011.0,83735.0,267368.0,162542.0,211189.0,265697.0,84566.0,164156.0,225356.0,159345.0,161189.0,198845.0,c4_p2
961973.0,665911.0,607591.0,791273.0,662385.0,248628.0,742031.0,499192.0,599104.0,733776.0,243052.0,520501.0,778853.0,493717.0,521478.0,600234.0,c4_p2
927085.0,475420.0,423366.0,373165.0,463003.0,201125.0,419212.0,277230.0,426359.0,432200.0,203442.0,315156.0,367396.0,277703.0,307354.0,431332.0,c4_p2
799279.0,451340.0,432089.0,491002.0,448206.0,186442.0,390657.0,296606.0,428470.0,389042.0,194020.0,324223.0,484366.0,294447.0,319841.0,410540.0,c4_p2
444084.0,345569.0,360296.0,579001.0,331260.0,116491.0,431608.0,276622.0,352864.0,443778.0,122250.0,290008.0,542614.0,269456.0,276623.0,246726.0,c4_p2
348471.0,218000.0,214656.0,232874.0,214555.0,83890.0,267736.0,162473.0,211208.0,266500.0,84297.0,163877.0,224303.0,159471.0,161719.0,198930.0,c4_p2
961592.0,665209.0,607566.0,792829.0,662064.0,249352.0,739481.0,499581.0,600305.0,733276.0,243324.0,520567.0,780843.0,493090.0,519656.0,600964.0,c4_p2
925540.0,475673.0,423870.0,373622.0,463545.0,200811.0,419308.0,276330.0,427373.0,433161.0,203695.0,314883.0,366858.0,278297.0,307208.0,430374.0,c4_p2
799321.0,451391.0,432608.0,491305.0,448145.0,186503.0,390202.0,297193.0,428333.0,388950.0,192765.0,324429.0,483918.0,295288.0,320148.0,410071.0,c4_p2
444011.0,344414.0,359786.0,581221.0,330867.0,116641.0,431635.0,276619.0,352574.0,443207.0,122174.0,289765.0,544512.0,269282.0,275805.0,246737.0,c4_p2
348485.0,217550.0,214778.0,232986.0,214852.0,84012.0,267828.0,162512.0,211122.0,266941.0,83919.0,163843.0,224180.0,159086.0,161685.0,199181.0,c4_p2
960594.0,664845.0,607793.0,792731.0,663059.0,249192.0,741561.0,499318.0,600115.0,733119.0,243003.0,520024.0,780960.0,492280.0,521224.0,599881.0,c4_p2
926915.0,476141.0,424302.0,374295.0,462195.0,201242.0,420109.0,276452.0,425554.0,433148.0,203763.0,315092.0,367007.0,278008.0,306790.0,429535.0,c4_p2
799391.0,451505.0,432160.0,491625.0,447685.0,186949.0,389637.0,297190.0,428216.0,388304.0,193285.0,324223.0,485339.0,294134.0,320036.0,410891.0,c4_p2
444844.0,343734.0,359320.0,578320.0,330728.0,116927.0,431934.0,277252.0,353310.0,444673.0,121956.0,290162.0,543253.0,269490.0,276606.0,246741.0,c4_p2
347446.0,217371.0,215870.0,233443.0,214642.0,84068.0,266870.0,163063.0,211840.0,265746.0,84307.0,163701.0,225292.0,159653.0,161180.0,198468.0,c4_p2
960295.0,666630.0,607019.0,792028.0,663149.0,248988.0,743319.0,499092.0,599705.0,732231.0,242932.0,522148.0,779108.0,492585.0,520340.0,600130.0,c4_p2
926017.0,475679.0,423819.0,374553.0,462610.0,201183.0,419963.0,276629.0,426280.0,433146.0,203123.0,315173.0,366908.0,278141.0,307534.0,429790.0,c4_p2
798098.0,450776.0,432581.0,491368.0,447955.0,187414.0,390184.0,297421.0,428568.0,388599.0,193596.0,324126.0,485193.0,294982.0,319273.0,410436.0,c4_p2
444233.0,343773.0,360370.0,580574.0,331123.0,116874.0,430452.0,277404.0,353118.0,442622.0,122199.0,289188.0,544379.0,269859.0,276077.0,247005.0,c4_p2
347766.0,217131.0,215517.0,233011.0,214488.0,84016.0,268022.0,162380.0,211449.0,266596.0,84092.0,163399.0,225429.0,159847.0,161081.0,198736.0,c4_p2
1120299.0,587270.0,534940.0,291387.0,560662.0,1022632.0,273453.0,510944.0,548381.0,294006.0,1020900.0,556608.0,287550.0,523653.0,532559.0,1004455.0,c4_p3
754616.0,379672.0,354161.0,177588.0,351491.0,711064.0,165947.0,334258.0,349031.0,176773.0,710288.0,358602.0,162297.0,329641.0,331796.0,673323.0,c4_p3
763204.0,366147.0,346970.0,168314.0,359047.0,716703.0,161789.0,328665.0,357621.0,170552.0,719343.0,346858.0,170906.0,338835.0,340384.0,685232.0,c4_p3
602537.0,295250.0,333756.0,176601.0,311170.0,555399.0,168908.0,317789.0,336243.0,161195.0,552238.0,280458.0,186515.0,320018.0,295184.0,535989.0,c4_p3
368862.0,185304.0,187795.0,95999.0,183231.0,333743.0,99578.0,177240.0,190094.0,101298.0,335940.0,175923.0,95857.0,179508.0,173537.0,329051.0,c4_p3
1083807.0,583384.0,574481.0,322129.0,552972.0,982954.0,298749.0,544604.0,562007.0,308573.0,981124.0,551795.0,300348.0,532504.0,523085.0,967183.0,c4_p3
765006.0,346176.0,354974.0,159633.0,355822.0,719036.0,165934.0,334425.0,369009.0,167892.0,720128.0,326640.0,171010.0,348091.0,335671.0,681101.0,c4_p3
758014.0,332833.0,372067.0,166448.0,371675.0,711817.0,180658.0,351051.0,361224.0,157306.0,710866.0,315000.0,180036.0,341001.0,352135.0,678439.0,c4_p3
594672.0,303331.0,325948.0,179482.0,318595.0,546072.0,169509.0,309259.0,335460.0,168026.0,547313.0,287780.0,193044.0,318061.0,302827.0,529871.0,c4_p3
361882.0,174678.0,205079.0,99976.0,182716.0,328760.0,109385.0,194399.0,190445.0,98774.0,327796.0,165237.0,97173.0,180734.0,172479.0,323447.0,c4_p3
1070186.0,595320.0,549939.0,318767.0,589319.0,970170.0,307351.0,521819.0,549318.0,312284.0,971749.0,563205.0,315081.0,521008.0,558598.0,955585.0,c4_p3
723346.0,359197.0,368487.0,182535.0,387157.0,675818.0,198507.0,346106.0,355911.0,178138.0,678330.0,338901.0,189900.0,333950.0,365170.0,639095.0,c4_p3
741424.0,375230.0,337573.0,173469.0,351869.0,692760.0,159995.0,318845.0,392259.0,197738.0,694226.0,354182.0,189445.0,370438.0,331846.0,659271.0,c4_p3
590592.0,305640.0,340193.0,189796.0,301802.0,542888.0,169692.0,322538.0,339979.0,172751.0,541606.0,290905.0,187658.0,321714.0,286617.0,524879.0,c4_p3
371841.0,186507.0,195139.0,98368.0,179511.0,335097.0,100280.0,183806.0,184562.0,98543.0,337395.0,176549.0,89890.0,173827.0,170095.0,331550.0,c4_p3
1097668.0,587183.0,537977.0,301219.0,568706.0,997182.0,284401.0,513680.0,560511.0,306946.0,999583.0,555461.0,305090.0,534608.0,538151.0,981333.0,c4_p3
752639.0,374813.0,344587.0,171520.0,347979.0,704776.0,160658.0,324540.0,371136.0,186199.0,708845.0,354558.0,171187.0,349162.0,329264.0,668685.0,c4_p3
741329.0,352826.0,384005.0,184865.0,346368.0,695659.0,177903.0,362889.0,371894.0,175766.0,695844.0,333464.0,175772.0,351694.0,327074.0,663218.0,c4_p3
586646.0,328141.0,317879.0,192665.0,301418.0,537338.0,158764.0,301583.0,343617.0,189022.0,537333.0,311307.0,191034.0,325617.0,286566.0,520320.0,c4_p3
361830.0,197803.0,183467.0,101205.0,187908.0,327285.0,101793.0,173411.0,184407.0,106919.0,328078.0,186613.0,97121.0,174562.0,177517.0,323041.0,c4_p3
1090111.0,571269.0,539234.0,295476.0,584041.0,993050.0,292608.0,514236.0,567169.0,303213.0,991972.0,541339.0,315931.0,540252.0,551845.0,977953.0,c4_p3
719867.0,367516.0,379121.0,192509.0,357720.0,677866.0,189151.0,357630.0,365161.0,186830.0,676755.0,346452.0,180564.0,344729.0,337180.0,641497.0,c4_p3
731123.0,360804.0,378400.0,190189.0,343654.0,682480.0,176679.0,356251.0,386452.0,189640.0,683136.0,340447.0,184302.0,363628.0,324341.0,649044.0,c4_p3
598208.0,319272.0,330201.0,190672.0,301466.0,548959.0,162799.0,313136.0,328634.0,172682.0,548941.0,304101.0,179799.0,311809.0,287058.0,531513.0,c4_p3
365422.0,181411.0,194718.0,97565.0,185346.0,331631.0,104348.0,183947.0,188433.0,98925.0,331904.0,171658.0,96857.0,178356.0,175471.0,326968.0,c4_p3
1543252.0,1036326.0,745212.0,1051174.0,1059696.0,23506.0,1107545.0,71779.0,727319.0,1065981.0,11252.0,51939.0,1036914.0,70984.0,53061.0,13759.0,c4_p4
3439654.0,585120.0,333188.0,222311.0,495088.0,4069.0,294247.0,14948.0,343566.0,334527.0,2755.0,15439.0,201529.0,14992.0,13694.0,5421.0,c4_p4
1757977.0,626546.0,551075.0,694163.0,601243.0,2860.0,417144.0,17487.0,540272.0,405358.0,3182.0,19653.0,663262.0,17044.0,19035.0,4269.0,c4_p4
741842.0,474533.0,505441.0,675647.0,458934.0,6058.0,619156.0,27740.0,499221.0,626641.0,14343.0,52371.0,641540.0,27183.0,50821.0,7779.0,c4_p4
812610.0,317383.0,289745.0,261493.0,299927.0,5088.0,326837.0,18295.0,260746.0,327368.0,4888.0,17653.0,231837.0,17289.0,17279.0,4522.0,c4_p4
